   1.3391823269361464E+034   1.5591585730164468E+024   216000.00000000000     
   1.3135576515184934E+034   1.5064129308025792E+024   432000.00000000000     
   1.2753225689407390E+034   1.4334725390526515E+024   648000.00000000000     
   1.2294341458654175E+034   1.3522236043492579E+024   864000.00000000000     
   1.1804785631384761E+034   1.2704472328059244E+024   1080000.0000000000     
   1.1319487981272845E+034   1.1924254004431694E+024   1296000.0000000000     
   1.0861285041879512E+034   1.1202162329194716E+024   1512000.0000000000     
   1.0443046317904478E+034   1.0546047148587720E+024   1728000.0000000000     
   1.0070671705610128E+034   9.9568636347258808E+023   1944000.0000000000     
   9.7457280403470805E+033   9.4320551377285500E+023   2160000.0000000000     
   9.4673695194008199E+033   8.9674664200866222E+023   2376000.0000000000     
   9.2335963896300669E+033   8.5584068836630182E+023   2592000.0000000000     
   9.0420241876301332E+033   8.2002301665433869E+023   2808000.0000000000     
   8.8903290056034098E+033   7.8886414720694139E+023   3024000.0000000000     
   8.7764926104349466E+033   7.6198534827780199E+023   3240000.0000000000     
   8.6989302287380813E+033   7.3906601508277343E+023   3456000.0000000000     
   8.6565528863535923E+033   7.1984685147905609E+023   3672000.0000000000     
   8.6487951868460923E+033   7.0413120963142612E+023   3888000.0000000000     
   8.6756256342294597E+033   6.9178597231423341E+023   4104000.0000000000     
   8.7375472754947631E+033   6.8274275466294762E+023   4320000.0000000000     
   8.8355892453537252E+033   6.7699975161245925E+023   4536000.0000000000     
   8.9712827655078556E+033   6.7462410191170668E+023   4752000.0000000000     
   9.1466063391930832E+033   6.7575400385077620E+023   4968000.0000000000     
   9.3638720513551045E+033   6.8059875853277230E+023   5184000.0000000000     
   9.6255053299428188E+033   6.8943306708512684E+023   5400000.0000000000     
   9.9336414392018282E+033   7.0257874313601452E+023   5616000.0000000000     
   1.0289422433327254E+034   7.2036192223619487E+023   5832000.0000000000     
   1.0691835269051969E+034   7.4302668676431281E+023   6048000.0000000000     
   1.1135914550884318E+034   7.7057864735616770E+023   6264000.0000000000     
   1.1610220190833658E+034   8.0253212526521930E+023   6480000.0000000000     
   1.2093845365681454E+034   8.3756160636797345E+023   6696000.0000000000     
   1.2554001636393260E+034   8.7314389767692879E+023   6912000.0000000000     
   1.2946404868347260E+034   9.0543553371351292E+023   7128000.0000000000     
   1.3221320677161905E+034   9.2976411725512576E+023   7344000.0000000000     
   1.3336236649760404E+034   9.4194582396538724E+023   7560000.0000000000     
   1.3270842156662364E+034   9.3998010898707295E+023   7776000.0000000000     
   1.3035397504026126E+034   9.2501345860283793E+023   7992000.0000000000     
   1.2666420281459846E+034   9.0078549615539278E+023   8208000.0000000000     
   1.2212899907777629E+034   8.7198408936198609E+023   8424000.0000000000     
   1.1722035212692211E+034   8.4264487701101461E+023   8640000.0000000000     
   1.1230830417490620E+034   8.1531620963058702E+023   8856000.0000000000     
   1.0764079616642561E+034   7.9100196730932687E+023   9072000.0000000000     
   1.0336135547518192E+034   7.6959810857000555E+023   9288000.0000000000     
   9.9538772660399964E+033   7.5053594112851615E+023   9504000.0000000000     
   9.6194502947440431E+033   7.3336036957694392E+023   9720000.0000000000     
   9.3323110197289919E+033   7.1802424390246231E+023   9936000.0000000000     
   9.0905863876130383E+033   7.0486001474093006E+023   10152000.000000000     
   8.8919135532797374E+033   6.9437985834944646E+023   10368000.000000000     
   8.7339301541895057E+033   6.8708757812203984E+023   10584000.000000000     
   8.6145465726310759E+033   6.8338601320833907E+023   10800000.000000000     
   8.5320893147897331E+033   6.8356614214090523E+023   11016000.000000000     
   8.4853718741037447E+033   6.8782924105996343E+023   11232000.000000000     
   8.4737269296881622E+033   6.9629937455947575E+023   11448000.000000000     
   8.4970189343224537E+033   7.0899619122199284E+023   11664000.000000000     
   8.5556462395952381E+033   7.2574399022890837E+023   11880000.000000000     
   8.6505344962058489E+033   7.4599772115899534E+023   12096000.000000000     
   8.7831161449311902E+033   7.6859121884373369E+023   12312000.000000000     
   8.9552824543408479E+033   7.9149459937585541E+023   12528000.000000000     
   9.1692825972986523E+033   8.1182919222743126E+023   12744000.000000000     
   9.4275260571108278E+033   8.2652116188431237E+023   12960000.000000000     
   9.7322173424905921E+033   8.3372110329290356E+023   13176000.000000000     
   1.0084714045484345E+034   8.3425010845168385E+023   13392000.000000000     
   1.0484455633638576E+034   8.3170619018413708E+023   13608000.000000000     
   1.0927285042374184E+034   8.3080416648738105E+023   13824000.000000000     
   1.1403045739046320E+034   8.3517933424907720E+023   14040000.000000000     
   1.1892624232969996E+034   8.4603066472627123E+023   14256000.000000000     
   1.2365314864142856E+034   8.6182928808309181E+023   14472000.000000000     
   1.2778527575959093E+034   8.7869259715902308E+023   14688000.000000000     
   1.3082706028422002E+034   8.9128320190852070E+023   14904000.000000000     
   1.3233003746568712E+034   8.9434510051105873E+023   15120000.000000000     
   1.3204436099949330E+034   8.8459389785363960E+023   15336000.000000000     
   1.3001996179978016E+034   8.6198326237053964E+023   15552000.000000000     
   1.2658538855951386E+034   8.2945904761708163E+023   15768000.000000000     
   1.2222017786400924E+034   7.9143986466195749E+023   15984000.000000000     
   1.1740702322645861E+034   7.5215253721823565E+023   16200000.000000000     
   1.1253598741949625E+034   7.1468399829697699E+023   16416000.000000000     
   1.0787496813445689E+034   6.8082404445248157E+023   16632000.000000000     
   1.0358304093334774E+034   6.5134371306024757E+023   16848000.000000000     
   9.9739435086334583E+033   6.2637399269482046E+023   17064000.000000000     
   9.6371848765771775E+033   6.0571783247826219E+023   17280000.000000000     
   9.3478144424629433E+033   5.8905461612487881E+023   17496000.000000000     
   9.1041007690136595E+033   5.7605269352142148E+023   17712000.000000000     
   8.9037099061894686E+033   5.6641991305625685E+023   17928000.000000000     
   8.7442445256656136E+033   5.5991861763275441E+023   18144000.000000000     
   8.6235458902297504E+033   5.5636270604364153E+023   18360000.000000000     
   8.5398544092120432E+033   5.5560575861473142E+023   18576000.000000000     
   8.4918899414086500E+033   5.5752311828527450E+023   18792000.000000000     
   8.4788888962115067E+033   5.6198764156041820E+023   19008000.000000000     
   8.5006192838128445E+033   5.6883855895117525E+023   19224000.000000000     
   8.5573843102117658E+033   5.7784605251081456E+023   19440000.000000000     
   8.6500174282698582E+033   5.8868189102809473E+023   19656000.000000000     
   8.7798648843222956E+033   6.0091842131710525E+023   19872000.000000000     
   8.9487438242124115E+033   6.1408780975342856E+023   20088000.000000000     
   9.1588528357239251E+033   6.2782387080356961E+023   20304000.000000000     
   9.4125948578593741E+033   6.4206259895246230E+023   20520000.000000000     
   9.7122468040544828E+033   6.5720812726856430E+023   20736000.000000000     
   1.0059374065551961E+034   6.7414164052970081E+023   20952000.000000000     
   1.0453844491459735E+034   6.9401582691263711E+023   21168000.000000000     
   1.0892264844459721E+034   7.1788924758444190E+023   21384000.000000000     
   1.1365701072419388E+034   7.4630339193024065E+023   21600000.000000000     
   1.1856779183053522E+034   7.7886872687879171E+023   21816000.000000000     
   1.2336887739973065E+034   8.1390592725063393E+023   22032000.000000000     
   1.2765294532557935E+034   8.4828264095212448E+023   22248000.000000000     
   1.3092991235471383E+034   8.7775351992336405E+023   22464000.000000000     
   1.3273281852499741E+034   8.9810017148119255E+023   22680000.000000000     
   1.3276845001878898E+034   9.0686673590996961E+023   22896000.000000000     
   1.3103368264715780E+034   9.0469319886633597E+023   23112000.000000000     
   1.2781681101069284E+034   8.9511305333840917E+023   23328000.000000000     
   1.2358286569452920E+034   8.8268870813925846E+023   23544000.000000000     
   1.1882275470632204E+034   8.7051608402733595E+023   23760000.000000000     
   1.1394606008605677E+034   8.5850707035581151E+023   23976000.000000000     
   1.0924135929899796E+034   8.4369799034679459E+023   24192000.000000000     
   1.0488440709544671E+034   8.2283201884210241E+023   24408000.000000000     
   1.0096594733231134E+034   7.9520739904657318E+023   24624000.000000000     
   9.7520782619256114E+033   7.6310959255593400E+023   24840000.000000000     
   9.4550716186833737E+033   7.2999510230854927E+023   25056000.000000000     
   9.2040319014905706E+033   6.9870456442778276E+023   25272000.000000000     
   8.9966887127562211E+033   6.7085986311127904E+023   25488000.000000000     
   8.8306360948226368E+033   6.4707734480314905E+023   25704000.000000000     
   8.7036668985344298E+033   6.2738220951324538E+023   25920000.000000000     
   8.6139522202329950E+033   6.1153603452870330E+023   26136000.000000000     
   8.5601321675408884E+033   5.9923228594824644E+023   26352000.000000000     
   8.5413584411260270E+033   5.9019501727208344E+023   26568000.000000000     
   8.5573121331954436E+033   5.8422131067625994E+023   26784000.000000000     
   8.6082088683525266E+033   5.8119547256646504E+023   27000000.000000000     
   8.6947953928599082E+033   5.8109132896130716E+023   27216000.000000000     
   8.8183348415187072E+033   5.8397114355185710E+023   27432000.000000000     
   8.9805702605588451E+033   5.8998476479999855E+023   27648000.000000000     
   9.1836454879787085E+033   5.9936931716198245E+023   27864000.000000000     
   9.4299467248605033E+033   6.1244697250735629E+023   28080000.000000000     
   9.7218042085875610E+033   6.2961496141766735E+023   28296000.000000000     
   1.0060959018405347E+034   6.5131671911391243E+023   28512000.000000000     
   1.0447657003446029E+034   6.7797443008888285E+023   28728000.000000000     
   1.0879195524831864E+034   7.0985025644420629E+023   28944000.000000000     
   1.1347768447541178E+034   7.4678870374803319E+023   29160000.000000000     
   1.1837644335818522E+034   7.8779110075490853E+023   29376000.000000000     
   1.2322258085532634E+034   8.3043343421552704E+023   29592000.000000000     
   1.2762821457688671E+034   8.7035695109650040E+023   29808000.000000000     
   1.3111162972868117E+034   9.0146482942330223E+023   30024000.000000000     
   1.3319171608582348E+034   9.1757155845856816E+023   30240000.000000000     
   1.3353531497159977E+034   9.1510557727947578E+023   30456000.000000000     
   1.3208619974907725E+034   8.9479622793998524E+023   30672000.000000000     
   1.2908883630553177E+034   8.6095354219548314E+023   30888000.000000000     
   1.2498913707464300E+034   8.1932847129930280E+023   31104000.000000000     
   1.2028298863964356E+034   7.7519768777638475E+023   31320000.000000000     
   1.1539826780402392E+034   7.3239584417804104E+023   31536000.000000000     
   1.1064437146199608E+034   6.9319728503451476E+023   31752000.000000000     
   1.0621439765178352E+034   6.5864749158317741E+023   31968000.000000000     
   1.0221127611431769E+034   6.2899633062254327E+023   32184000.000000000     
   9.8677399280247992E+033   6.0405645758899702E+023   32400000.000000000     
   9.5618794513265858E+033   5.8344396213122906E+023   32616000.000000000     
   9.3022045670914026E+033   5.6671952317298482E+023   32832000.000000000     
   9.0865109100551866E+033   5.5346228552358216E+023   33048000.000000000     
   8.9123803010380220E+033   5.4330366985124266E+023   33264000.000000000     
   8.7775504060613721E+033   5.3593955880285339E+023   33480000.000000000     
   8.6801149126948813E+033   5.3113211353409802E+023   33696000.000000000     
   8.6186259027215188E+033   5.2870775604129327E+023   33912000.000000000     
   8.5921425896369830E+033   5.2855507909730005E+023   34128000.000000000     
   8.6002522298162770E+033   5.3062487358390302E+023   34344000.000000000     
   8.6430769492672630E+033   5.3493347123457121E+023   34560000.000000000     
   8.7212718155648178E+033   5.4156976708154284E+023   34776000.000000000     
   8.8360125507165436E+033   5.5070542702448888E+023   34992000.000000000     
   8.9889638981214008E+033   5.6260696007832916E+023   35208000.000000000     
   9.1822098190517196E+033   5.7764768916886586E+023   35424000.000000000     
   9.4181120182640829E+033   5.9631705462896425E+023   35640000.000000000     
   9.6990409600351802E+033   6.1922326509640943E+023   35856000.000000000     
   1.0026890989513421E+034   6.4708114262404460E+023   36072000.000000000     
   1.0402249074668990E+034   6.8066673332104613E+023   36288000.000000000     
   1.0823047051982552E+034   7.2069810176416644E+023   36504000.000000000     
   1.1282531655771612E+034   7.6755839003866135E+023   36720000.000000000     
   1.1766535800809505E+034   8.2070739617237199E+023   36936000.000000000     
   1.2250505508997523E+034   8.7759091307094181E+023   37152000.000000000     
   1.2697685933940990E+034   9.3219216851315793E+023   37368000.000000000     
   1.3061033722862271E+034   9.7477474478811351E+023   37584000.000000000     
   1.3291484473899364E+034   9.9572062780186806E+023   37800000.000000000     
   1.3352142331004377E+034   9.9204327132122114E+023   38016000.000000000     
   1.3232165265581201E+034   9.6862004285263497E+023   38232000.000000000     
   1.2951326571028935E+034   9.3327030224356554E+023   38448000.000000000     
   1.2551860615208483E+034   8.9278120344447860E+023   38664000.000000000     
   1.2083520740884210E+034   8.5179210478644764E+023   38880000.000000000     
   1.1590799545600081E+034   8.1279029498899276E+023   39096000.000000000     
   1.1106750469104491E+034   7.7654495914785685E+023   39312000.000000000     
   1.0652517769729791E+034   7.4289392914708223E+023   39528000.000000000     
   1.0239721781366989E+034   7.1155343226877469E+023   39744000.000000000     
   9.8734530409671634E+033   6.8254950207882653E+023   39960000.000000000     
   9.5548079174482653E+033   6.5619262220264247E+023   40176000.000000000     
   9.2826996684506452E+033   6.3284637787182964E+023   40392000.000000000     
   9.0550310129030965E+033   6.1274923388083433E+023   40608000.000000000     
   8.8694044139790216E+033   5.9596724585288201E+023   40824000.000000000     
   8.7235301060035150E+033   5.8243202271288106E+023   41040000.000000000     
   8.6154489852314902E+033   5.7200288343875123E+023   41256000.000000000     
   8.5436477680229722E+033   5.6452021692956757E+023   41472000.000000000     
   8.5071145301271191E+033   5.5984143371629836E+023   41688000.000000000     
   8.5053630263158035E+033   5.5786195397366848E+023   41904000.000000000     
   8.5384412554012506E+033   5.5852623605377522E+023   42120000.000000000     
   8.6069308682582513E+033   5.6183308931992255E+023   42336000.000000000     
   8.7119369704540340E+033   5.6783806736395966E+023   42552000.000000000     
   8.8550606993252731E+033   5.7665448809879512E+023   42768000.000000000     
   9.0383376883199621E+033   5.8845365048762389E+023   42984000.000000000     
   9.2641118650934160E+033   6.0346378397870534E+023   43200000.000000000     
   9.5347931969367350E+033   6.2196545292092681E+023   43416000.000000000     
   9.8524172869716569E+033   6.4427734854270456E+023   43632000.000000000     
   1.0217883872101858E+034   6.7071931187761044E+023   43848000.000000000     
   1.0629709432625156E+034   7.0152904473738663E+023   44064000.000000000     
   1.1082121008178797E+034   7.3669944882991537E+023   44280000.000000000     
   1.1562432423919457E+034   7.7570679450419588E+023   44496000.000000000     
   1.2048046075614185E+034   8.1713858242126872E+023   44712000.000000000     
   1.2504290502473748E+034   8.5833338945715426E+023   44928000.000000000     
   1.2885488583966428E+034   8.9531320940627531E+023   45144000.000000000     
   1.3142044271213475E+034   9.2339760106438185E+023   45360000.000000000     
   1.3233900720538337E+034   9.3864596428508837E+023   45576000.000000000     
   1.3145129708763147E+034   9.3955298629843538E+023   45792000.000000000     
   1.2890570939911727E+034   9.2784797678144410E+023   46008000.000000000     
   1.2509637902343884E+034   9.0775404273772563E+023   46224000.000000000     
   1.2051858921725928E+034   8.8430937945385621E+023   46440000.000000000     
   1.1563243871708049E+034   8.6190176916159822E+023   46656000.000000000     
   1.1078938631036183E+034   8.4361871044120080E+023   46872000.000000000     
   1.0621978515947213E+034   8.3128494415748047E+023   47088000.000000000     
   1.0205380210819928E+034   8.2580148882257569E+023   47304000.000000000     
   9.8351374732811326E+033   8.2750449759254400E+023   47520000.000000000     
   9.5128687894675342E+033   8.3642940571748121E+023   47736000.000000000     
   9.2377505790231470E+033   8.5246573158253762E+023   47952000.000000000     
   9.0077861788954326E+033   8.7542227510144315E+023   48168000.000000000     
   8.8205822329766101E+033   9.0502381077298013E+023   48384000.000000000     
   8.6737985295231357E+033   9.4085115981176311E+023   48600000.000000000     
   8.5653958880741604E+033   9.8222705491020878E+023   48816000.000000000     
   8.4937655495207359E+033   1.0280457028295827E+024   49032000.000000000     
   8.4577924110154815E+033   1.0765510495841661E+024   49248000.000000000     
   8.4568832920869261E+033   1.1250999468666110E+024   49464000.000000000     
   8.4909775398141798E+033   1.1700175430166777E+024   49680000.000000000     
   8.5605478975722019E+033   1.2067576757925831E+024   49896000.000000000     
   8.6665923496812673E+033   1.2306339826729396E+024   50112000.000000000     
   8.8106106311516486E+033   1.2381897230825252E+024   50328000.000000000     
   8.9945503138328646E+033   1.2287203281345332E+024   50544000.000000000     
   9.2206946299605590E+033   1.2049683088300984E+024   50760000.000000000     
   9.4914447955512768E+033   1.1723478022443662E+024   50976000.000000000     
   9.8089207391105586E+033   1.1371560787591262E+024   51192000.000000000     
   1.0174264800535579E+034   1.1048885302638810E+024   51408000.000000000     
   1.0586489852161299E+034   1.0793544255399172E+024   51624000.000000000     
   1.1040695106987487E+034   1.0625129990742286E+024   51840000.000000000     
   1.1525556681992363E+034   1.0546002410986363E+024   52056000.000000000     
   1.2020338602879274E+034   1.0542239294964933E+024   52272000.000000000     
   1.2492452222053916E+034   1.0583760027407020E+024   52488000.000000000     
   1.2897766072573718E+034   1.0625746195798328E+024   52704000.000000000     
   1.3186528365784227E+034   1.0615057904966303E+024   52920000.000000000     
   1.3315936147713018E+034   1.0503881380010805E+024   53136000.000000000     
   1.3265143616006251E+034   1.0266701282699270E+024   53352000.000000000     
   1.3043826222266832E+034   9.9101819025949002E+023   53568000.000000000     
   1.2688099091658497E+034   9.4681727962705144E+023   53784000.000000000     
   1.2246830513357138E+034   8.9857874054039784E+023   54000000.000000000     
   1.1767316833069122E+034   8.5038386753720078E+023   54216000.000000000     
   1.1286752956439400E+034   8.0509271697805290E+023   54432000.000000000     
   1.0830120066210129E+034   7.6428852947431491E+023   54648000.000000000     
   1.0411910949954095E+034   7.2858594284176640E+023   54864000.000000000     
   1.0039091591538083E+034   6.9799683698207576E+023   55080000.000000000     
   9.7138513835516978E+033   6.7221772095620538E+023   55296000.000000000     
   9.4356607501181776E+033   6.5081579740073227E+023   55512000.000000000     
   9.2026419734197959E+033   6.3333502337271103E+023   55728000.000000000     
   9.0124167512027676E+033   6.1935027193743316E+023   55944000.000000000     
   8.8626016018778208E+033   6.0849169557533101E+023   56160000.000000000     
   8.7510832616126532E+033   6.0045378066962560E+023   56376000.000000000     
   8.6761638911493058E+033   5.9499771554059710E+023   56592000.000000000     
   8.6366329597675201E+033   5.9195184271819986E+023   56808000.000000000     
   8.6317999917406701E+033   5.9121259065096739E+023   57024000.000000000     
   8.6615074496806934E+033   5.9274684002509431E+023   57240000.000000000     
   8.7261330553718871E+033   5.9659581715326491E+023   57456000.000000000     
   8.8265834115251116E+033   6.0288010963702719E+023   57672000.000000000     
   8.9642738717774565E+033   6.1180509664755142E+023   57888000.000000000     
   9.1410812873653266E+033   6.2366573157318263E+023   58104000.000000000     
   9.3592443760314350E+033   6.3884878651549017E+023   58320000.000000000     
   9.6211683918775172E+033   6.5782867914270065E+023   58536000.000000000     
   9.9290636587441708E+033   6.8114880199966829E+023   58752000.000000000     
   1.0284309795629994E+034   7.0937240846154479E+023   58968000.000000000     
   1.0686393825320478E+034   7.4297425296667195E+023   59184000.000000000     
   1.1131244263584628E+034   7.8212812634644709E+023   59400000.000000000     
   1.1608841281369293E+034   8.2634118083266189E+023   59616000.000000000     
   1.2100264489765632E+034   8.7394284430140631E+023   59832000.000000000     
   1.2575037818375850E+034   9.2163958415622412E+023   60048000.000000000     
   1.2990770062640366E+034   9.6466578925948627E+023   60264000.000000000     
   1.3297955387139423E+034   9.9801733700561831E+023   60480000.000000000     
   1.3451536660290982E+034   1.0183332712020331E+024   60696000.000000000     
   1.3426059330489737E+034   1.0251334545150459E+024   60912000.000000000     
   1.3225960454250130E+034   1.0205519373916148E+024   61128000.000000000     
   1.2883691638391300E+034   1.0075258131114481E+024   61344000.000000000     
   1.2447082268774362E+034   9.8735480006259674E+023   61560000.000000000     
   1.1964513778390171E+034   9.5899660332054637E+023   61776000.000000000     
   1.1475217072793873E+034   9.2161586060472305E+023   61992000.000000000     
   1.1006214060720847E+034   8.7745533872477877E+023   62208000.000000000     
   1.0573600360476794E+034   8.3118858167874581E+023   62424000.000000000     
   1.0185432347278433E+034   7.8719026940973064E+023   62640000.000000000     
   9.8445673174860453E+033   7.4803071702181747E+023   62856000.000000000     
   9.5508463055172465E+033   7.1461879638115776E+023   63072000.000000000     
   9.3025715699289687E+033   6.8688822917820448E+023   63288000.000000000     
   9.0974301025152494E+033   6.6435417042603909E+023   63504000.000000000     
   8.9330381749238961E+033   6.4642546733158955E+023   63720000.000000000     
   8.8072465905851104E+033   6.3254722386741068E+023   63936000.000000000     
   8.7183031216787826E+033   6.2225382709270479E+023   64152000.000000000     
   8.6649338267440320E+033   6.1518144091531012E+023   64368000.000000000     
   8.6463806578491860E+033   6.1106475448473777E+023   64584000.000000000     
   8.6624167424204748E+033   6.0972931482447102E+023   64800000.000000000     
   8.7133500951391494E+033   6.1108418441667915E+023   65016000.000000000     
   8.8000187966767610E+033   6.1511660210510969E+023   65232000.000000000     
   8.9237738049531372E+033   6.2188885835211500E+023   65448000.000000000     
   9.0864376252631142E+033   6.3153669435994846E+023   65664000.000000000     
   9.2902159579247598E+033   6.4426759030029926E+023   65880000.000000000     
   9.5375226274925369E+033   6.6035583142651783E+023   66096000.000000000     
   9.8306526979031161E+033   6.8012869106901169E+023   66312000.000000000     
   1.0171202686890207E+034   7.0393381819086494E+023   66528000.000000000     
   1.0559093251793196E+034   7.3207152159901066E+023   66744000.000000000     
   1.0991017540783749E+034   7.6466793300391355E+023   66960000.000000000     
   1.1458174598712073E+034   8.0146098107749841E+023   67176000.000000000     
   1.1943377520587401E+034   8.4148521608131293E+023   67392000.000000000     
   1.2418241733641729E+034   8.8270204951689580E+023   67608000.000000000     
   1.2842243929050097E+034   9.2175570586311595E+023   67824000.000000000     
   1.3166456807194659E+034   9.5419784596929138E+023   68040000.000000000     
   1.3344018707816294E+034   9.7549755633319800E+023   68256000.000000000     
   1.3345172652068220E+034   9.8265178516425536E+023   68472000.000000000     
   1.3169047595548521E+034   9.7543839106061334E+023   68688000.000000000     
   1.2844030264408593E+034   9.5627553470270718E+023   68904000.000000000     
   1.2416448574476810E+034   9.2876253827733361E+023   69120000.000000000     
   1.1935466894085643E+034   8.9613027222519447E+023   69336000.000000000     
   1.1442247684332529E+034   8.6067524554041641E+023   69552000.000000000     
   1.0965872160805580E+034   8.2410348487250282E+023   69768000.000000000     
   1.0524098992349836E+034   7.8795849492963552E+023   69984000.000000000     
   1.0126130299218295E+034   7.5364133379555699E+023   70200000.000000000     
   9.7755256832167289E+033   7.2220657416537881E+023   70416000.000000000     
   9.4725097328698035E+033   6.9425525816603736E+023   70632000.000000000     
   9.2155608977735963E+033   6.6999543610196206E+023   70848000.000000000     
   9.0024161367525715E+033   6.4937899659484543E+023   71064000.000000000     
   8.8306687169020804E+033   6.3223048836175957E+023   71280000.000000000     
   8.6981061908563601E+033   6.1833719681542677E+023   71496000.000000000     
   8.6028919504570365E+033   6.0750259341510330E+023   71712000.000000000     
   8.5436571811915262E+033   5.9957492018474661E+023   71928000.000000000     
   8.5195440826963530E+033   5.9446175744039921E+023   72144000.000000000     
   8.5302240019223955E+033   5.9213804020626820E+023   72360000.000000000     
   8.5759027699063364E+033   5.9265206672296916E+023   72576000.000000000     
   8.6573174748622370E+033   5.9613208191417381E+023   72792000.000000000     
   8.7757220240501089E+033   6.0279474365967194E+023   73008000.000000000     
   8.9328512271035403E+033   6.1295571577031220E+023   73224000.000000000     
   9.1308427273076765E+033   6.2704113819886551E+023   73440000.000000000     
   9.3720804587131245E+033   6.4559570898173766E+023   73656000.000000000     
   9.6588995555956631E+033   6.6927636582190375E+023   73872000.000000000     
   9.9930584542323840E+033   6.9880553569407409E+023   74088000.000000000     
   1.0374840972102171E+034   7.3482643421749003E+023   74304000.000000000     
   1.0801614447217293E+034   7.7754683003515588E+023   74520000.000000000     
   1.1265688014674106E+034   8.2600208225416089E+023   74736000.000000000     
   1.1751500129406766E+034   8.7689271653530165E+023   74952000.000000000     
   1.2232701675319275E+034   9.2371707803061838E+023   75168000.000000000     
   1.2670718532329165E+034   9.5818804695956797E+023   75384000.000000000     
   1.3017490332165668E+034   9.7458627497110385E+023   75600000.000000000     
   1.3224790666101857E+034   9.7249968489188563E+023   75816000.000000000     
   1.3258912372497774E+034   9.5467972565235063E+023   76032000.000000000     
   1.3113681167484730E+034   9.2444954410446868E+023   76248000.000000000     
   1.2813065501979291E+034   8.8550255364443115E+023   76464000.000000000     
   1.2401429870027931E+034   8.4203222734573355E+023   76680000.000000000     
   1.1928398031154138E+034   7.9805991838559125E+023   76896000.000000000     
   1.1436946931667147E+034   7.5666723576169963E+023   77112000.000000000     
   1.0958242616972425E+034   7.1972565149820536E+023   77328000.000000000     
   1.0511789557440254E+034   6.8806989301892006E+023   77544000.000000000     
   1.0108022182789367E+034   6.6183695397204672E+023   77760000.000000000     
   9.7512722164860657E+033   6.4077776742215574E+023   77976000.000000000     
   9.4421984657877127E+033   6.2447322630764010E+023   78192000.000000000     
   9.1794912708117182E+033   6.1245461180889616E+023   78408000.000000000     
   8.9609634061380298E+033   6.0425055516183505E+023   78624000.000000000     
   8.7842052444792920E+033   5.9938490346774263E+023   78840000.000000000     
   8.6469582813343930E+033   5.9734770268021128E+023   79056000.000000000     
   8.5473175760090994E+033   5.9756098657474725E+023   79272000.000000000     
   8.4838353766727688E+033   5.9936336505322602E+023   79488000.000000000     
   8.4555705026530806E+033   6.0203910372184287E+023   79704000.000000000     
   8.4621095584243324E+033   6.0490957910181293E+023   79920000.000000000     
   8.5035738972146017E+033   6.0747868319860466E+023   80136000.000000000     
   8.5806177922593938E+033   6.0958426636064577E+023   80352000.000000000     
   8.6944163294641461E+033   6.1148386474232914E+023   80568000.000000000     
   8.8466341798469955E+033   6.1382599055379043E+023   80784000.000000000     
   9.0393566413930280E+033   6.1752037318206205E+023   81000000.000000000     
   9.2749497808734578E+033   6.2357139616120867E+023   81216000.000000000     
   9.5557943357726996E+033   6.3293879977395205E+023   81432000.000000000     
   9.8838056895269066E+033   6.4644879198224842E+023   81648000.000000000     
   1.0259610260524884E+034   6.6473424805740251E+023   81864000.000000000     
   1.0681208741464217E+034   6.8815760849228865E+023   82080000.000000000     
   1.1141959578035893E+034   7.1666549085904691E+023   82296000.000000000     
   1.1627861286524534E+034   7.4953895210962319E+023   82512000.000000000     
   1.2114575450028230E+034   7.8505340135600334E+023   82728000.000000000     
   1.2565572555090854E+034   8.2017690569500451E+023   82944000.000000000     
   1.2933950138800690E+034   8.5060824973756517E+023   83160000.000000000     
   1.3170572574625151E+034   8.7153621938644690E+023   83376000.000000000     
   1.3238188245607636E+034   8.7918502823233712E+023   83592000.000000000     
   1.3125401427357496E+034   8.7245175442206297E+023   83808000.000000000     
   1.2851461927433314E+034   8.5348415781187764E+023   84024000.000000000     
   1.2458314250938427E+034   8.2673037772595907E+023   84240000.000000000     
   1.1995696258137688E+034   7.9722220003244881E+023   84456000.000000000     
   1.1508262786388593E+034   7.6921546552057111E+023   84672000.000000000     
   1.1029283714010904E+034   7.4566399957308101E+023   84888000.000000000     
   1.0580094378747926E+034   7.2832326476416597E+023   85104000.000000000     
   1.0172451998095861E+034   7.1809447382767808E+023   85320000.000000000     
   9.8115310345767557E+033   7.1534705416428265E+023   85536000.000000000     
   9.4984709847562478E+033   7.2011414825591644E+023   85752000.000000000     
   9.2322003372182239E+033   7.3214041079486996E+023   85968000.000000000     
   9.0106192338842346E+033   7.5078971677240593E+023   86184000.000000000     
   8.8313166426718456E+033   7.7483518274181668E+023   86400000.000000000     
   8.6919827403449288E+033   8.0219291668804701E+023   86616000.000000000     
   8.5906344222578284E+033   8.2974558610344206E+023   86832000.000000000     
   8.5257319813186828E+033   8.5350306573430346E+023   87048000.000000000     
   8.4962355132350007E+033   8.6933679031231209E+023   87264000.000000000     
   8.5016297316676687E+033   8.7422984242986302E+023   87480000.000000000     
   8.5419328335104795E+033   8.6747403846359762E+023   87696000.000000000     
   8.6176961313075418E+033   8.5102926041774238E+023   87912000.000000000     
   8.7299941217069134E+033   8.2876949118556766E+023   88128000.000000000     
   8.8803975266721739E+033   8.0514770093331233E+023   88344000.000000000     
   9.0709126442133713E+033   7.8407401658167559E+023   88560000.000000000     
   9.3038567782828584E+033   7.6840187890214291E+023   88776000.000000000     
   9.5816188345107054E+033   7.5992643804777299E+023   88992000.000000000     
   9.9062236553598299E+033   7.5960558119402310E+023   89208000.000000000     
   1.0278577973526532E+034   7.6776131484416137E+023   89424000.000000000     
   1.0697233852732254E+034   7.8412704855849000E+023   89640000.000000000     
   1.1156496174886886E+034   8.0769736247681018E+023   89856000.000000000     
   1.1643811317934791E+034   8.3644355552375316E+023   90072000.000000000     
   1.2136768886550545E+034   8.6712287417839343E+023   90288000.000000000     
   1.2600906117604348E+034   8.9550377911466437E+023   90504000.000000000     
   1.2990689152317636E+034   9.1705943459310251E+023   90720000.000000000     
   1.3256470516211915E+034   9.2776595409458714E+023   90936000.000000000     
   1.3357855219499380E+034   9.2485382627751699E+023   91152000.000000000     
   1.3278347808204267E+034   9.0766438329606872E+023   91368000.000000000     
   1.3032210131177711E+034   8.7815512861160271E+023   91584000.000000000     
   1.2658493534617437E+034   8.4032549410041691E+023   91800000.000000000     
   1.2206652814954973E+034   7.9879148206219780E+023   92016000.000000000     
   1.1722830277797732E+034   7.5747675642939433E+023   92232000.000000000     
   1.1242381205947429E+034   7.1902328740262661E+023   92448000.000000000     
   1.0788536291305032E+034   6.8484133379188028E+023   92664000.000000000     
   1.0374456510119640E+034   6.5544612428532522E+023   92880000.000000000     
   1.0006226539062133E+034   6.3081450635474165E+023   93096000.000000000     
   9.6855139758349043E+033   6.1065324730173221E+023   93312000.000000000     
   9.4115160397308040E+033   5.9456823250398876E+023   93528000.000000000     
   9.1822394833748193E+033   5.8215870446636907E+023   93744000.000000000     
   8.9952845950676953E+033   5.7306383541521393E+023   93960000.000000000     
   8.8482999165751059E+033   5.6698212219613535E+023   94176000.000000000     
   8.7392330922506546E+033   5.6367670402833464E+023   94392000.000000000     
   8.6664619809967225E+033   5.6297432475412739E+023   94608000.000000000     
   8.6288588519542375E+033   5.6476233830626052E+023   94824000.000000000     
   8.6258191659571222E+033   5.6898630085423566E+023   95040000.000000000     
   8.6572724550987798E+033   5.7564970605647558E+023   95256000.000000000     
   8.7236833651547525E+033   5.8481680838179028E+023   95472000.000000000     
   8.8260436907880571E+033   5.9661885169599784E+023   95688000.000000000     
   8.9658492309638589E+033   6.1126311220592559E+023   95904000.000000000     
   9.1450465824649059E+033   6.2904291524248085E+023   96120000.000000000     
   9.3659223511336322E+033   6.5034533920580109E+023   96336000.000000000     
   9.6308880042464072E+033   6.7565179286471058E+023   96552000.000000000     
   9.9420848925321201E+033   7.0552469779428119E+023   96768000.000000000     
   1.0300694770652823E+034   7.4057013278071269E+023   96984000.000000000     
   1.0705797937345142E+034   7.8136055950021538E+023   97200000.000000000     
   1.1152601984406228E+034   8.2829481193229373E+023   97416000.000000000     
   1.1629944947413947E+034   8.8137143994442111E+023   97632000.000000000     
   1.2117308784874059E+034   9.3987413426594759E+023   97848000.000000000     
   1.2582352237611201E+034   1.0020418938554530E+024   98064000.000000000     
   1.2981143568617295E+034   1.0649263613280582E+024   98280000.000000000     
   1.3263959182230735E+034   1.1247126223422533E+024   98496000.000000000     
   1.3387749496887785E+034   1.1775115748271649E+024   98712000.000000000     
   1.3331177022543935E+034   1.2199238374088373E+024   98928000.000000000     
   1.3103378268026449E+034   1.2485144136630145E+024   99144000.000000000     
   1.2740117105599860E+034   1.2592921669819304E+024   99360000.000000000     
   1.2290197771575143E+034   1.2499879453297164E+024   99576000.000000000     
   1.1801074856431111E+034   1.2234681457230351E+024   99792000.000000000     
   1.1310195118246874E+034   1.1867004584221047E+024   100008000.00000000     
   1.0842786176230264E+034   1.1463785514616329E+024   100224000.00000000     
   1.0413537661260209E+034   1.1064144010278644E+024   100440000.00000000     
   1.0029556956390917E+034   1.0681564918015283E+024   100656000.00000000     
   9.6931299689649890E+033   1.0315486243943578E+024   100872000.00000000     
   9.4037923556830779E+033   9.9610241653493732E+023   101088000.00000000     
   9.1597116460229206E+033   9.6144233468739307E+023   101304000.00000000     
   8.9585427116256704E+033   9.2750754378389486E+023   101520000.00000000     
   8.7979282089728101E+033   8.9454474203599655E+023   101736000.00000000     
   8.6757769745721608E+033   8.6300435407930420E+023   101952000.00000000     
   8.5904109078046573E+033   8.3341811160497376E+023   102168000.00000000     
   8.5406377222275743E+033   8.0630175953869082E+023   102384000.00000000     
   8.5257840911443108E+033   7.8209833264709101E+023   102600000.00000000     
   8.5457086841680119E+033   7.6115911220542480E+023   102816000.00000000     
   8.6008045491139140E+033   7.4375115606499007E+023   103032000.00000000     
   8.6919928281265230E+033   7.3007927507154400E+023   103248000.00000000     
   8.8207028878520485E+033   7.2031281453503382E+023   103464000.00000000     
   8.9888256679438660E+033   7.1461080334424711E+023   103680000.00000000     
   9.1986152557889386E+033   7.1314145422552837E+023   103896000.00000000     
   9.4524957665132324E+033   7.1609298910889362E+023   104112000.00000000     
   9.7527036775091983E+033   7.2367183513247839E+023   104328000.00000000     
   1.0100658214194627E+034   7.3608047737371998E+023   104544000.00000000     
   1.0495908727907557E+034   7.5345944299405026E+023   104760000.00000000     
   1.0934481176037522E+034   7.7576656241200240E+023   104976000.00000000     
   1.1406501286458487E+034   8.0255929661948793E+023   105192000.00000000     
   1.1893247677908575E+034   8.3266353721650527E+023   105408000.00000000     
   1.2364477192005050E+034   8.6378880638373549E+023   105624000.00000000     
   1.2777998863565415E+034   8.9230535270047661E+023   105840000.00000000     
   1.3084357321740513E+034   9.1356144694893134E+023   106056000.00000000     
   1.3238282927374347E+034   9.2304008616123956E+023   106272000.00000000     
   1.3213846113735480E+034   9.1807663620509166E+023   106488000.00000000     
   1.3014918436027102E+034   8.9910660270441198E+023   106704000.00000000     
   1.2673535125754717E+034   8.6947351241293235E+023   106920000.00000000     
   1.2237386442819531E+034   8.3395670009227645E+023   107136000.00000000     
   1.1754950320421282E+034   7.9711745403670786E+023   107352000.00000000     
   1.1265665511880329E+034   7.6234033107627302E+023   107568000.00000000     
   1.0796767270883480E+034   7.3166299382303939E+023   107784000.00000000     
   1.0364518265016964E+034   7.0604266557083667E+023   108000000.00000000     
   9.9770853803174066E+033   6.8571969291962973E+023   108216000.00000000     
   9.6373888633846891E+033   6.7050909163504173E+023   108432000.00000000     
   9.3452986258503615E+033   6.5998082617337868E+023   108648000.00000000     
   9.0991234592264670E+033   6.5354817145569199E+023   108864000.00000000     
   8.8965429980878974E+033   6.5050125262587665E+023   109080000.00000000     
   8.7351577992987245E+033   6.5002656745431711E+023   109296000.00000000     
   8.6127980060451962E+033   6.5125185333294316E+023   109512000.00000000     
   8.5276878026670228E+033   6.5334392733940080E+023   109728000.00000000     
   8.4785278856800366E+033   6.5565713640710618E+023   109944000.00000000     
   8.4645337121376624E+033   6.5788817958042037E+023   110160000.00000000     
   8.4854511384333086E+033   6.6016852372226788E+023   110376000.00000000     
   8.5415603611873156E+033   6.6304787085311824E+023   110592000.00000000     
   8.6336713242348741E+033   6.6738147670901408E+023   110808000.00000000     
   8.7631068898896886E+033   6.7418203920786184E+023   111024000.00000000     
   8.9316621708928272E+033   6.8449683366480955E+023   111240000.00000000     
   9.1415173882636130E+033   6.9933171784530209E+023   111456000.00000000     
   9.3950649319883804E+033   7.1959641743592295E+023   111672000.00000000     
   9.6945860801635543E+033   7.4600578780660007E+023   111888000.00000000     
   1.0041677032564217E+034   7.7883705302286571E+023   112104000.00000000     
   1.0436280419103991E+034   8.1743108472164163E+023   112320000.00000000     
   1.0875145724945277E+034   8.5945289962579183E+023   112536000.00000000     
   1.1349576184831650E+034   9.0043054890023056E+023   112752000.00000000     
   1.1842544898211456E+034   9.3478259555431156E+023   112968000.00000000     
   1.2325869908272191E+034   9.5865995255118585E+023   113184000.00000000     
   1.2759216192793491E+034   9.7167938961487388E+023   113400000.00000000     
   1.3093719858995902E+034   9.7489532161556813E+023   113616000.00000000     
   1.3282335821748886E+034   9.6808269581277971E+023   113832000.00000000     
   1.3294848943499997E+034   9.5005320632935908E+023   114048000.00000000     
   1.3129799917181395E+034   9.2079160746850578E+023   114264000.00000000     
   1.2815099275680696E+034   8.8256312025413360E+023   114480000.00000000     
   1.2396868881207605E+034   8.3920817512741257E+023   114696000.00000000     
   1.1924322395369773E+034   7.9468896655178468E+023   114912000.00000000     
   1.1438808738307723E+034   7.5205053974635785E+023   115128000.00000000     
   1.0969618950494912E+034   7.1312965490031601E+023   115344000.00000000     
   1.0534683336080768E+034   6.7875116915365351E+023   115560000.00000000     
   1.0143321232300800E+034   6.4907279140038489E+023   115776000.00000000     
   9.7991617623832232E+033   6.2388798077319822E+023   115992000.00000000     
   9.5024646051756953E+033   6.0283278887651558E+023   116208000.00000000     
   9.2517210829194775E+033   5.8550720880515363E+023   116424000.00000000     
   9.0446678186695631E+033   5.7153810363655611E+023   116640000.00000000     
   8.8788904855343903E+033   5.6060757916963703E+023   116856000.00000000     
   8.7521654505724405E+033   5.5246306815057633E+023   117072000.00000000     
   8.6626434681831918E+033   5.4691888848654016E+023   117288000.00000000     
   8.6089428155076864E+033   5.4385466451998572E+023   117504000.00000000     
   8.5901931201229097E+033   5.4321337279990981E+023   117720000.00000000     
   8.6060537787245069E+033   5.4500027206362166E+023   117936000.00000000     
   8.6567194279559104E+033   5.4928308208958711E+023   118152000.00000000     
   8.7429168306650712E+033   5.5619309173427317E+023   118368000.00000000     
   8.8658906568279945E+033   5.6592605978691423E+023   118584000.00000000     
   9.0273680501099617E+033   5.7874044399957959E+023   118800000.00000000     
   9.2294815371658903E+033   5.9494817403449844E+023   119016000.00000000     
   9.4746143106963440E+033   6.1488937214479787E+023   119232000.00000000     
   9.7651083429736183E+033   6.3887719213269259E+023   119448000.00000000     
   1.0102741803849250E+034   6.6709488431519424E+023   119664000.00000000     
   1.0487839402749993E+034   6.9943348401250107E+023   119880000.00000000     
   1.0917842183866096E+034   7.3529320700532617E+023   120096000.00000000     
   1.1385179542032351E+034   7.7344183944680674E+023   120312000.00000000     
   1.1874466669965137E+034   8.1205901054297917E+023   120528000.00000000     
   1.2359579502304135E+034   8.4893889725989944E+023   120744000.00000000     
   1.2802168516619210E+034   8.8155502886923924E+023   120960000.00000000     
   1.3154293369801797E+034   9.0688096591447514E+023   121176000.00000000     
   1.3367614761608586E+034   9.2156238399405924E+023   121392000.00000000     
   1.3408026298167591E+034   9.2304245244299514E+023   121608000.00000000     
   1.3268784499848102E+034   9.1109949209035852E+023   121824000.00000000     
   1.2973359305916320E+034   8.8846700944642210E+023   122040000.00000000     
   1.2565873530608289E+034   8.5994966496755380E+023   122256000.00000000     
   1.2095979997637249E+034   8.3078361566476567E+023   122472000.00000000     
   1.1606845506983618E+034   8.0534821035089487E+023   122688000.00000000     
   1.1129865313168655E+034   7.8666531818963488E+023   122904000.00000000     
   1.0684740393312988E+034   7.7644076208678935E+023   123120000.00000000     
   1.0282046021378903E+034   7.7522940971618090E+023   123336000.00000000     
   9.9262031497245798E+033   7.8245956223014635E+023   123552000.00000000     
   9.6179211110424585E+033   7.9627832084947796E+023   123768000.00000000     
   9.3559148226026756E+033   8.1340592994959553E+023   123984000.00000000     
   9.1380054079703277E+033   8.2937234132848101E+023   124200000.00000000     
   8.9617819287331751E+033   8.3946184228863143E+023   124416000.00000000     
   8.8249790414711750E+033   8.4020180982230555E+023   124632000.00000000     
   8.7256818947131629E+033   8.3057922564604783E+023   124848000.00000000     
   8.6624311237988474E+033   8.1215664117517559E+023   125064000.00000000     
   8.6342729405824793E+033   7.8810121774160376E+023   125280000.00000000     
   8.6407806904384955E+033   7.6190394032324306E+023   125496000.00000000     
   8.6820619993533830E+033   7.3650041003004609E+023   125712000.00000000     
   8.7587571150667595E+033   7.1396814219641765E+023   125928000.00000000     
   8.8720270833836551E+033   6.9560872663059829E+023   126144000.00000000     
   9.0235230672750991E+033   6.8217409786583837E+023   126360000.00000000     
   9.2153184109194681E+033   6.7409077779390872E+023   126576000.00000000     
   9.4497706043607435E+033   6.7162730465160581E+023   126792000.00000000     
   9.7292583026628077E+033   6.7499723387057158E+023   127008000.00000000     
   1.0055706409506846E+034   6.8440322703757650E+023   127224000.00000000     
   1.0429770387902975E+034   7.0002346022268365E+023   127440000.00000000     
   1.0849510768149169E+034   7.2193048476890650E+023   127656000.00000000     
   1.1308390286030274E+034   7.4992205114411045E+023   127872000.00000000     
   1.1792567231402617E+034   7.8324452535436323E+023   128088000.00000000     
   1.2277914034737721E+034   8.2022500621430860E+023   128304000.00000000     
   1.2728121653746076E+034   8.5792798620644651E+023   128520000.00000000     
   1.3096421409692905E+034   8.9210833702261413E+023   128736000.00000000     
   1.3333594920577092E+034   9.1780138241940847E+023   128952000.00000000     
   1.3402018357109070E+034   9.3060157152469452E+023   129168000.00000000     
   1.3289723936865340E+034   9.2805335182799024E+023   129384000.00000000     
   1.3015423823033756E+034   9.1034416347913948E+023   129600000.00000000     
   1.2620768031786782E+034   8.8011582772359399E+023   129816000.00000000     
   1.2155484438669127E+034   8.4168977403564300E+023   130032000.00000000     
   1.1664402103048034E+034   7.9984765087287075E+023   130248000.00000000     
   1.1181021538361735E+034   7.5857524040976965E+023   130464000.00000000     
   1.0726883130883726E+034   7.2043757869049988E+023   130680000.00000000     
   1.0313894203189149E+034   6.8668527923723836E+023   130896000.00000000     
   9.9473260852156044E+033   6.5768085840881090E+023   131112000.00000000     
   9.6283747514407708E+033   6.3330020587989294E+023   131328000.00000000     
   9.3559982553004043E+033   6.1320115177412672E+023   131544000.00000000     
   9.1281098778841449E+033   5.9697583057313678E+023   131760000.00000000     
   8.9423024412464814E+033   5.8422861974419445E+023   131976000.00000000     
   8.7962651898637665E+033   5.7461219648236198E+023   132192000.00000000     
   8.6880119804085180E+033   5.6784170924321518E+023   132408000.00000000     
   8.6159994740329104E+033   5.6369835881351925E+023   132624000.00000000     
   8.5791843401500068E+033   5.6202855475453905E+023   132840000.00000000     
   8.5770484588074121E+033   5.6274194591077519E+023   133056000.00000000     
   8.6096079750694190E+033   5.6581004811870681E+023   133272000.00000000     
   8.6774130839873031E+033   5.7126631718998354E+023   133488000.00000000     
   8.7815383471429226E+033   5.7920797988230653E+023   133704000.00000000     
   8.9235562085079427E+033   5.8979949060744180E+023   133920000.00000000     
   9.1054772257125818E+033   6.0327690461851630E+023   134136000.00000000     
   9.3296270753074141E+033   6.1995148327054462E+023   134352000.00000000     
   9.5984098742129613E+033   6.4020909848667059E+023   134568000.00000000     
   9.9138770465642938E+033   6.6449895777808484E+023   134784000.00000000     
   1.0276980416726877E+034   6.9330023895548633E+023   135000000.00000000     
   1.0686346017796268E+034   7.2704823850665227E+023   135216000.00000000     
   1.1136394609130142E+034   7.6599434044768769E+023   135432000.00000000     
   1.1614742036433343E+034   8.0997330457592783E+023   135648000.00000000     
   1.2099200279072130E+034   8.5807234691771189E+023   135864000.00000000     
   1.2555548854393501E+034   9.0825654784647216E+023   136080000.00000000     
   1.2938431034162657E+034   9.5708361462574845E+023   136296000.00000000     
   1.3198185801187613E+034   9.9962358076222972E+023   136512000.00000000     
   1.3294125475866918E+034   1.0295605015991970E+024   136728000.00000000     
   1.3209240405037699E+034   1.0398999562939962E+024   136944000.00000000     
   1.2957270820497452E+034   1.0260045405843883E+024   137160000.00000000     
   1.2576959888534163E+034   9.9026167936026316E+023   137376000.00000000     
   1.2117737382453327E+034   9.4187953442208522E+023   137592000.00000000     
   1.1625920820539219E+034   8.9087660693642380E+023   137808000.00000000     
   1.1137113368486876E+034   8.4376215862779693E+023   138024000.00000000     
   1.0674776966326109E+034   8.0340791921638789E+023   138240000.00000000     
   1.0252251318001408E+034   7.7044200575854720E+023   138456000.00000000     
   9.8757455395813155E+033   7.4437318603862360E+023   138672000.00000000     
   9.5470090108971575E+033   7.2419268422559809E+023   138888000.00000000     
   9.2652914031082618E+033   7.0865307701488172E+023   139104000.00000000     
   9.0286332648682482E+033   6.9641645852979226E+023   139320000.00000000     
   8.8346573760413763E+033   6.8618818252415118E+023   139536000.00000000     
   8.6810281064914027E+033   6.7687875809224806E+023   139752000.00000000     
   8.5657050141103420E+033   6.6776672138761779E+023   139968000.00000000     
   8.4870754851581590E+033   6.5859340579552425E+023   140184000.00000000     
   8.4440197110119661E+033   6.4953812670452836E+023   140400000.00000000     
   8.4359398193284887E+033   6.4108738793952487E+023   140616000.00000000     
   8.4627708836901866E+033   6.3386613159720937E+023   140832000.00000000     
   8.5249820275987913E+033   6.2850076542705576E+023   141048000.00000000     
   8.6235685791395364E+033   6.2554613216196593E+023   141264000.00000000     
   8.7600292397655467E+033   6.2547048687838861E+023   141480000.00000000     
   8.9363135686480092E+033   6.2867508537361338E+023   141696000.00000000     
   9.1547125384334191E+033   6.3552509933759235E+023   141912000.00000000     
   9.4176458067330811E+033   6.4637488533449745E+023   142128000.00000000     
   9.7272708410249298E+033   6.6157509534825470E+023   142344000.00000000     
   1.0084799999185651E+034   6.8144876198661853E+023   142560000.00000000     
   1.0489368370709702E+034   7.0621849042832051E+023   142776000.00000000     
   1.0936275123644423E+034   7.3585998305937685E+023   142992000.00000000     
   1.1414498993850187E+034   7.6985641717696761E+023   143208000.00000000     
   1.1903714397471841E+034   8.0685293452112877E+023   143424000.00000000     
   1.2371798834860162E+034   8.4429255828600392E+023   143640000.00000000     
   1.2774990974323364E+034   8.7827091708323728E+023   143856000.00000000     
   1.3063568547720586E+034   9.0398978254046858E+023   144072000.00000000     
   1.3194212398518123E+034   9.1704853255976479E+023   144288000.00000000     
   1.3145071706813175E+034   9.1517166672360304E+023   144504000.00000000     
   1.2924718218684259E+034   8.9927785839562453E+023   144720000.00000000     
   1.2568530601474575E+034   8.7304409862655290E+023   144936000.00000000     
   1.2125206943545743E+034   8.4132176977145665E+023   145152000.00000000     
   1.1642312389602834E+034   8.0854693654586561E+023   145368000.00000000     
   1.1157495155860704E+034   7.7791207925357123E+023   145584000.00000000     
   1.0696178162855039E+034   7.5129189470561006E+023   145800000.00000000     
   1.0273196770101543E+034   7.2955111939356238E+023   146016000.00000000     
   9.8957486569809442E+033   7.1291932670475216E+023   146232000.00000000     
   9.5661649063328380E+033   7.0128949686105953E+023   146448000.00000000     
   9.2839946304774899E+033   6.9441428018008445E+023   146664000.00000000     
   9.0473983143791717E+033   6.9202056394392367E+023   146880000.00000000     
   8.8540112301969021E+033   6.9387074261314476E+023   147096000.00000000     
   8.7014490261712051E+033   6.9979323591201299E+023   147312000.00000000     
   8.5875892726338196E+033   7.0969689770917566E+023   147528000.00000000     
   8.5107201955202792E+033   7.2357751757908126E+023   147744000.00000000     
   8.4696144774055695E+033   7.4151996879238618E+023   147960000.00000000     
   8.4635629839308537E+033   7.6369623623959103E+023   148176000.00000000     
   8.4923881298450123E+033   7.9035703558103486E+023   148392000.00000000     
   8.5564464897067634E+033   8.2181234245048178E+023   148608000.00000000     
   8.6566227650639543E+033   8.5839274312812583E+023   148824000.00000000     
   8.7943103172651441E+033   9.0037730542214513E+023   149040000.00000000     
   8.9713652415414329E+033   9.4786277773596232E+023   149256000.00000000     
   9.1900092463776486E+033   1.0005342991377718E+024   149472000.00000000     
   9.4526388108042749E+033   1.0572930895658902E+024   149688000.00000000     
   9.7614713531301140E+033   1.1157516188702573E+024   149904000.00000000     
   1.0117921790303376E+034   1.1718255878980937E+024   150120000.00000000     
   1.0521559227844907E+034   1.2200678703271297E+024   150336000.00000000     
   1.0968465993463008E+034   1.2554883371404910E+024   150552000.00000000     
   1.1448874187697812E+034   1.2762611077606787E+024   150768000.00000000     
   1.1944224838548330E+034   1.2846525698979827E+024   150984000.00000000     
   1.2424474825129632E+034   1.2845739987929698E+024   151200000.00000000     
   1.2847605818044854E+034   1.2781094072401660E+024   151416000.00000000     
   1.3164191663394539E+034   1.2641900242485070E+024   151632000.00000000     
   1.3328734059366253E+034   1.2399165649811794E+024   151848000.00000000     
   1.3314812958961935E+034   1.2030731089907868E+024   152064000.00000000     
   1.3125715083097580E+034   1.1540368729819672E+024   152280000.00000000     
   1.2793035791138034E+034   1.0959540764483169E+024   152496000.00000000     
   1.2364302589407072E+034   1.0334138980292215E+024   152712000.00000000     
   1.1888070439678942E+034   9.7082003768741382E+023   152928000.00000000     
   1.1403972368960008E+034   9.1141473004697853E+023   153144000.00000000     
   1.0939448824610745E+034   8.5709196724018585E+023   153360000.00000000     
   1.0510925540129564E+034   8.0866240337323705E+023   153576000.00000000     
   1.0126679051839435E+034   7.6623050453426686E+023   153792000.00000000     
   9.7896942732325399E+033   7.2951164812270647E+023   154008000.00000000     
   9.4998741108638745E+033   6.9804695105645410E+023   154224000.00000000     
   9.2555403958255978E+033   6.7133084956846908E+023   154440000.00000000     
   9.0543743253071323E+033   6.4887923027495562E+023   154656000.00000000     
   8.8939720824310324E+033   6.3026166391499653E+023   154872000.00000000     
   8.7721568887226899E+033   6.1511373940869180E+023   155088000.00000000     
   8.6871454209170685E+033   6.0313927503838205E+023   155304000.00000000     
   8.6376313539018963E+033   5.9410805838861061E+023   155520000.00000000     
   8.6228241546959939E+033   5.8785233150414450E+023   155736000.00000000     
   8.6424649813722137E+033   5.8426392992764286E+023   155952000.00000000     
   8.6968307628094305E+033   5.8329333777645517E+023   156168000.00000000     
   8.7867297494976080E+033   5.8495155438644017E+023   156384000.00000000     
   8.9134849577270560E+033   5.8931521946724271E+023   156600000.00000000     
   9.0788940642102326E+033   5.9653455690941506E+023   156816000.00000000     
   9.2851433577023912E+033   6.0684210863336364E+023   157032000.00000000     
   9.5346367978758131E+033   6.2055789604940127E+023   157248000.00000000     
   9.8296761932238996E+033   6.3808370021259016E+023   157464000.00000000     
   1.0171892904506740E+034   6.5987552161561483E+023   157680000.00000000     
   1.0561288030891782E+034   6.8637835590257514E+023   157896000.00000000     
   1.0994704767870385E+034   7.1790087288097930E+023   158112000.00000000     
   1.1463588625986600E+034   7.5440258396092917E+023   158328000.00000000     
   1.1951111284905323E+034   7.9517504671952131E+023   158544000.00000000     
   1.2429332297447543E+034   8.3844759673444066E+023   158760000.00000000     
   1.2858144385046679E+034   8.8106393933417848E+023   158976000.00000000     
   1.3188787787238267E+034   9.1852978578658977E+023   159192000.00000000     
   1.3374076086312281E+034   9.4576468466884456E+023   159408000.00000000     
   1.3383377830298013E+034   9.5860892105915756E+023   159624000.00000000     
   1.3214684776300369E+034   9.5561869927464906E+023   159840000.00000000     
   1.2895467621360745E+034   9.3920897022300668E+023   160056000.00000000     
   1.2471677228776950E+034   9.1509766676574504E+023   160272000.00000000     
   1.1992611896344334E+034   8.9005639375817201E+023   160488000.00000000     
   1.1499842782606847E+034   8.6950355591210414E+023   160704000.00000000     
   1.1022906212637976E+034   8.5618715398946424E+023   160920000.00000000     
   1.0579938501166864E+034   8.4984974646216791E+023   161136000.00000000     
   1.0180409060795855E+034   8.4749397780163108E+023   161352000.00000000     
   9.8280477390259985E+033   8.4440740538920850E+023   161568000.00000000     
   9.5231788742537408E+033   8.3608587025970162E+023   161784000.00000000     
   9.2643346515440014E+033   8.2023369957009388E+023   162000000.00000000     
   9.0492777741140877E+033   7.9745891099729807E+023   162216000.00000000     
   8.8756111090085145E+033   7.7033268419269456E+023   162432000.00000000     
   8.7411229280076383E+033   7.4186883128885433E+023   162648000.00000000     
   8.6439726946213224E+033   7.1450112315865937E+023   162864000.00000000     
   8.5827853679158013E+033   6.8978979694670895E+023   163080000.00000000     
   8.5566958503190768E+033   6.6855971592595624E+023   163296000.00000000     
   8.5653677203072403E+033   6.5115842267455925E+023   163512000.00000000     
   8.6089988758892761E+033   6.3768015260837333E+023   163728000.00000000     
   8.6883185809691373E+033   6.2811819117311683E+023   163944000.00000000     
   8.8045735202803929E+033   6.2245561310761694E+023   164160000.00000000     
   8.9594929114812721E+033   6.2071387427560579E+023   164376000.00000000     
   9.1552124596282295E+033   6.2297463614490635E+023   164592000.00000000     
   9.3941215319237917E+033   6.2938355647440134E+023   164808000.00000000     
   9.6785745263385438E+033   6.4013867834841188E+023   165024000.00000000     
   1.0010373616145951E+034   6.5546038762930473E+023   165240000.00000000     
   1.0389887277664752E+034   6.7553336713903085E+023   165456000.00000000     
   1.0814631504915587E+034   7.0040211530857398E+023   165672000.00000000     
   1.1277155092648229E+034   7.2979183073889048E+023   165888000.00000000     
   1.1762246319452390E+034   7.6282771717814517E+023   166104000.00000000     
   1.2243999158583337E+034   7.9766922467091486E+023   166320000.00000000     
   1.2684278680291494E+034   8.3120030590383533E+023   166536000.00000000     
   1.3035253684013650E+034   8.5910189843746568E+023   166752000.00000000     
   1.3248463628516070E+034   8.7668863168580794E+023   166968000.00000000     
   1.3289399625963711E+034   8.8050274296539840E+023   167184000.00000000     
   1.3150750511417245E+034   8.6986856697716581E+023   167400000.00000000     
   1.2855491163785924E+034   8.4726701689997313E+023   167616000.00000000     
   1.2447505010427823E+034   8.1721601037721153E+023   167832000.00000000     
   1.1976473377743422E+034   7.8453102505694258E+023   168048000.00000000     
   1.1485749333434600E+034   7.5303965300247546E+023   168264000.00000000     
   1.1006951459438373E+034   7.2511698218191217E+023   168480000.00000000     
   1.0559970050912949E+034   7.0179197198696887E+023   168696000.00000000     
   1.0155513581092855E+034   6.8306455829236355E+023   168912000.00000000     
   9.7980847037045621E+033   6.6823709025722722E+023   169128000.00000000     
   9.4884361870864255E+033   6.5622520021308762E+023   169344000.00000000     
   9.2253010125841380E+033   6.4586956103484966E+023   169560000.00000000     
   9.0065027318913893E+033   6.3623293072235147E+023   169776000.00000000     
   8.8296236988622910E+033   6.2680748342295895E+023   169992000.00000000     
   8.6923867548014746E+033   6.1755928421784559E+023   170208000.00000000     
   8.5928625046119647E+033   6.0881529652901862E+023   170424000.00000000     
   8.5295756791962338E+033   6.0107844985265788E+023   170640000.00000000     
   8.5015560006699626E+033   5.9486674191626212E+023   170856000.00000000     
   8.5083601762189581E+033   5.9062416011517021E+023   171072000.00000000     
   8.5500793047360519E+033   5.8869999095100473E+023   171288000.00000000     
   8.6273374266187697E+033   5.8937026625799159E+023   171504000.00000000     
   8.7412799832608755E+033   5.9287632079293008E+023   171720000.00000000     
   8.8935436451244135E+033   5.9946513618589051E+023   171936000.00000000     
   9.0861893214665489E+033   6.0942437883519871E+023   172152000.00000000     
   9.3215658232620080E+033   6.2310897885153049E+023   172368000.00000000     
   9.6020498056322479E+033   6.4095615938904443E+023   172584000.00000000     
   9.9295756601634402E+033   6.6348277204263370E+023   172800000.00000000     
