9, 500000, 365
1988500e24, 4.87e24, 3.30e24, 5.972e24, 0.642e24, 1898e24, 568e24, 86.8e24, 102e24
100000, 1000
0, 0, 0, 0, 0, 0
46000000000., 0, 0, 0, 58972.756128253190, 0
107500000000.00000, 0, 0, 0, 35242.859002824087, 0
147100006103.51562, 0, 0, 0, 30286.234441134005, 0
206600006103.51562, 0, 0, 0, 26504.954871813632, 0
740500000000.00000, 0, 0, 0, 13708.889557055192, 0
1352599975585.9375, 0, 0, 0, 10159.404355108894, 0
2741300048828.1250, 0, 0, 0, 7112.9029248375500, 0
4444500000000.0000, 0, 0, 0, 5497.0594502076010, 0